version https://git-lfs.github.com/spec/v1
oid sha256:a673ab3efb01ee829311f0456a05cc075f44fdd13bf8ae4f504ada285e88a2a8
size 195
