version https://git-lfs.github.com/spec/v1
oid sha256:e42b6d796644f271875ea191df0d07747b088b2b2d374d2a568e7f47b0191084
size 192
