version https://git-lfs.github.com/spec/v1
oid sha256:9210d87d41ef242176095f2e14d90b1f287ef772d0308771e949ce8981d1d7f6
size 195
